== 学生数 ==
6 人

==　出席番号順の名簿 ==
  1)  65  90 100  80  73 出席番号 101 合計点 408.0 平均点 81.6 氏名 佐藤花子
  2)  82  75  63  21  45 出席番号 102 合計点 286.0 平均点 57.2 氏名 阿部和馬
  3)  74  31  41  59  38 出席番号 103 合計点 243.0 平均点 48.6 氏名 伊藤光一
  4) 100  95  98  82  65 出席番号 104 合計点 440.0 平均点 88.0 氏名 佐藤太郎
  5)  55  48  79  90  88 出席番号 105 合計点 360.0 平均点 72.0 氏名 村松真治
  6)  74  45  59  27  38 出席番号 106 合計点 243.0 平均点 48.6 氏名 進東三太郎

== 合計点による成績順位表 ==
  1) 100  95  98  82  65 出席番号 104 合計点 440.0 平均点 88.0 氏名 佐藤太郎
  2)  65  90 100  80  73 出席番号 101 合計点 408.0 平均点 81.6 氏名 佐藤花子
  3)  55  48  79  90  88 出席番号 105 合計点 360.0 平均点 72.0 氏名 村松真治
  4)  82  75  63  21  45 出席番号 102 合計点 286.0 平均点 57.2 氏名 阿部和馬
  5)  74  31  41  59  38 出席番号 103 合計点 243.0 平均点 48.6 氏名 伊藤光一
  6)  74  45  59  27  38 出席番号 106 合計点 243.0 平均点 48.6 氏名 進東三太郎

== 平均点・最高点・最低点 ==
教科 1 最高点 100 最低点  55 平均点 91.7
教科 2 最高点  95 最低点  31 平均点 79.8
教科 3 最高点 100 最低点  41 平均点 89.7
教科 4 最高点  90 最低点  21 平均点 73.5
教科 5 最高点  88 最低点  38 平均点 68.7
合計点の平均 403.3

